1 => 0 5 3 : -2.3
2 => 0 27 3 : -2.2
3 => 0 51 3 : -2.2
4 => 0 55 3 : -2.2
5 => 0 70 3 : -2.2
6 => 0 73 3 : -1.9
7 => 0 79 3 : -1.5
8 => 1 56 3 : -2.2
9 => 2 57 3 : -3
10 => 3 7 3 : -4.3
11 => 3 17 3 : -4.3
12 => 3 37 3 : -4.6
13 => 3 60 3 : -2
14 => 3 77 3 : -4.6
15 => 4 8 3 : -4.6
16 => 4 29 3 : -0.2
17 => 4 78 3 : -4
18 => 5 79 3 : -3.6
19 => 6 16 3 : -4.2
20 => 6 76 3 : -4.2
21 => 7 24 3 : -3.6
22 => 7 42 3 : -5.4
23 => 7 57 3 : -2.7
24 => 7 58 3 : -3.6
25 => 8 20 3 : -6.7
26 => 8 37 3 : -5.5
27 => 8 77 3 : -5.5
28 => 9 29 3 : -5.8
29 => 9 78 3 : -6.7
30 => 10 79 3 : -5.4
31 => 12 66 3 : -4.6
32 => 12 75 3 : -3.6
33 => 13 49 3 : -4.6
34 => 14 29 3 : -0.2
35 => 14 78 3 : -4
36 => 15 79 3 : -3.6
37 => 17 29 3 : -5.5
38 => 18 30 3 : -5.7
39 => 18 79 3 : -4.7
40 => 20 29 3 : -4.6
41 => 20 38 3 : -5.5
42 => 20 72 3 : -4.6
43 => 20 78 3 : -5.5
44 => 21 47 3 : -4.5
45 => 22 46 3 : -4.5
46 => 23 73 3 : -3.4
47 => 23 79 3 : -3.1
48 => 24 56 3 : -2.2
49 => 25 60 3 : -2
50 => 26 66 3 : -2.8
51 => 26 75 3 : -1.1
52 => 27 31 3 : -4.7
53 => 27 34 3 : -5.4
54 => 27 40 3 : -3.6
55 => 27 56 3 : -1.5
56 => 27 67 3 : -4.7
57 => 27 76 3 : -1.8
58 => 28 37 3 : -5.5
59 => 28 77 3 : -5.5
60 => 29 78 3 : -6.7
61 => 30 79 3 : -5.4
62 => 34 47 3 : -4.5
63 => 35 48 3 : -4.8
64 => 35 79 3 : -2.9
65 => 38 72 3 : -4.3
66 => 39 47 3 : -4.5
67 => 41 79 3 : -5.4
68 => 43 57 3 : -3
69 => 44 58 3 : -4.5
70 => 45 57 3 : -3.4
71 => 45 59 3 : -3
72 => 46 77 3 : -5.5
73 => 47 75 3 : -4.6
74 => 49 60 3 : -2
75 => 50 75 3 : -2.4
76 => 51 56 3 : -2.2
77 => 53 60 3 : -2
78 => 54 61 3 : -2
79 => 54 72 3 : -2
80 => 58 70 3 : -2.2
81 => 58 73 3 : -1.9
82 => 58 79 3 : -1.5
83 => 61 75 3 : -4.3
84 => 63 66 3 : -2.8
85 => 63 75 3 : -1.1
86 => 64 71 3 : -3.5
87 => 64 74 3 : -3.5
88 => 65 78 3 : -6.7
89 => 66 79 3 : -5.4
90 => 69 75 3 : -1.1
91 => 72 75 3 : -1.1
92 => 74 78 3 : -4
93 => 75 79 3 : -2.9
94 => 0 56 4 : -3.1
95 => 1 57 4 : -4.3
96 => 3 8 4 : -6.7
97 => 3 78 4 : -6.1
98 => 4 79 4 : -6.1
99 => 8 78 4 : -8.8
100 => 9 79 4 : -8.8
101 => 14 79 4 : -6.1
102 => 17 30 4 : -7.9
103 => 26 67 4 : -6.1
104 => 26 76 4 : -3.2
105 => 27 77 4 : -5.2
106 => 28 78 4 : -8.8
107 => 29 79 4 : -8.8
108 => 34 48 4 : -6.9
109 => 43 58 4 : -5.4
110 => 44 59 4 : -5.1
111 => 53 61 4 : -2.9
112 => 65 79 4 : -8.8
113 => 74 79 4 : -5.4
114 => 0 57 5 : -5.2
115 => 3 79 5 : -8.2
116 => 8 79 5 : -10.9
117 => 26 77 5 : -6.6
118 => 27 78 5 : -8.5
119 => 28 79 5 : -10.9
120 => 43 59 5 : -6
121 => 26 78 6 : -9.9
122 => 27 79 6 : -10.6
123 => 26 79 7 : -12
